100
2 4
10 5
3 12
7 7 7
3 12
4 2 1
5 1000000000
25 25 25 25 25
2 2
1 1
5 5
1 1 1 1 1
5 448257424
1 2 3 4 5
5 915742169
18 7 21 11 25
5 527643639
3 3 3 3 3
5 385477700
24 24 24 24 24
5 756462049
13 13 13 13 13
5 377686956
1 1 1 1 1
5 392425458
12 12 12 12 12
5 852996293
14 14 14 14 14
5 527443414
2 2 2 2 2
5 545947364
5 5 5 5 5
5 81881705
14 14 14 14 14
5 779092704
19 19 19 19 19
5 496722924
25 25 25 25 25
5 129717578
14 14 14 14 14
5 345576472
16 16 16 16 16
5 580269016
4 4 4 4 4
5 718012657
4 4 4 4 4
5 630651086
8 8 8 8 8
5 283979193
3 3 3 3 3
5 651860361
1 1 1 1 1
5 386568653
10 10 10 10 10
5 644800320
20 20 20 20 20
5 163651328
20 20 20 20 20
5 570575962
22 22 22 22 22
5 760829010
13 13 13 13 13
5 843725353
20 20 20 20 20
5 258368297
19 19 19 19 19
5 494186032
1 2 3 4 5
5 945837107
1 2 3 4 5
5 339500446
1 2 3 4 5
5 307564388
1 2 3 4 5
5 282436471
1 2 3 4 5
5 913054632
1 2 3 4 5
5 242174678
1 2 3 4 5
5 948234919
1 2 3 4 5
5 775974608
1 2 3 4 5
5 893047180
1 2 3 4 5
5 74641776
1 2 3 4 5
5 174881449
1 2 3 4 5
5 142293268
1 2 3 4 5
5 725184710
1 2 3 4 5
5 84084492
1 2 3 4 5
5 486246601
1 2 3 4 5
5 994362547
1 2 3 4 5
5 654520124
1 2 3 4 5
5 132658375
1 2 3 4 5
5 297853660
1 2 3 4 5
5 100724778
1 2 3 4 5
5 382650268
1 2 3 4 5
5 689557754
1 2 3 4 5
5 937348896
1 2 3 4 5
5 704414833
1 2 3 4 5
5 747819530
19 7 18 19 25
5 521831814
7 17 8 22 21
5 831884319
4 4 9 3 18
5 667732393
19 6 13 9 23
5 374419248
16 4 13 13 10
5 15791584
5 4 5 15 4
5 860075556
4 8 23 18 11
5 374391012
5 10 11 20 7
5 877737163
16 5 4 3 12
5 844181051
2 14 16 17 10
5 235210811
16 4 20 12 20
5 955491
4 21 9 17 24
5 962929371
2 17 20 2 24
5 25124905
4 7 22 19 13
5 227471487
22 16 16 11 10
5 453984888
1 14 7 20 7
5 4906654
23 25 11 20 24
5 580221606
1 6 9 12 19
5 903021421
19 3 9 21 5
5 160385521
12 2 23 15 5
5 616694677
8 9 15 15 2
5 842143651
22 20 6 24 25
5 298511129
17 5 14 3 13
5 825496876
19 3 22 2 16
5 592353555
12 15 6 10 5
5 275768505
10 13 16 2 3
5 69972682
8 6 6 16 18
5 412806782
4 4 8 9 15
5 627444645
5 4 22 16 22
5 697908206
13 21 23 22 2
5 157391715
23 25 20 5 5
5 833157340
1 24 17 20 8
5 643160543
22 2 17 16 24
5 457172680
2 1 24 3 2
5 488134588
16 20 7 7 17
5 993653539
7 9 6 22 18
5 137002031
21 3 25 12 2
5 307660939
21 25 16 19 5
5 164312773
13 8 6 10 7
5 653912987
11 5 8 18 13
5 550779222
9 16 17 5 20
5 120854815
21 19 20 8 12
